Boite{
-5.000000 0.000000 1.000000
-5.000000 0.000000 -2.500000
5.000000 0.000000 -2.500000
5.000000 0.000000 1.000000
-5.000000 3.000000 1.000000
-5.000000 3.000000 -2.500000
5.000000 3.000000 -2.500000
5.000000 3.000000 1.000000
}
Boite{
1.999999 0.000000 5.999999
1.999999 0.000000 0.999999
5.000000 0.000000 0.999999
5.000000 0.000000 5.999999
1.999999 3.000000 5.999999
1.999999 3.000000 0.999999
5.000000 3.000000 0.999999
5.000000 3.000000 6.000000
}
Boite{
-5.000000 0.000000 6.000000
-5.000000 0.000000 1.000000
-2.000000 0.000000 1.000000
-2.000000 0.000000 6.000000
-5.000000 3.000000 6.000000
-5.000000 3.000000 1.000000
-2.000000 3.000000 1.000000
-2.000000 3.000000 6.000000
}