Boite{
-2.121325 2.74 2.121325
-2.121325 2.74 0
0 2.74 0
0 2.74 2.121325
-2.121325 0 2.121325
-2.121325 0 0
0 0 0
0 0 2.121325
}
Boite{
-2.121325 2.74 0
-2.121325 2.74 -2.121325
0 2.74 -2.121325
0 2.74 0
-2.121325 0 0
-2.121325 0 -2.121325
0 0 -2.121325
0 0 0
}
Boite{
0 2.74 0
0 2.74 -2.121325
2.121325 2.74 -2.121325
2.121325 2.74 0
0 0 0
0 0 -2.121325
2.121325 0 -2.121325
2.121325 0 0
}
Boite{
0 2.74 2.121325
0 2.74 0
2.121325 2.74 0
2.121325 2.74 2.121325
0 0 2.121325
0 0 0
2.121325 0 0
2.121325 0 2.121325
}