Boite{
-0.71429 -3.49810 2.00671
0.14286 -3.49810 2.00671
0.14286 -3.49810 0.00671
-0.71429 -3.49810 0.00671
-0.71429 0.50190 0.00671
-0.71429 0.50190 2.00671
0.14286 0.50190 2.00671
0.14286 0.50190 0.00671
}
Boite{
-0.71429 0.50190 0.00671
-0.71429 0.50190 2.00671
0.14286 0.50190 2.00671
0.14286 0.50190 0.00671
0.14286 2.50190 0.00671
-0.71429 2.50190 0.00671
-0.71429 2.50190 2.00671
0.14286 2.50190 2.00671
}
Boite{
0.14286 0.50190 0.00671
0.14286 0.50190 2.00671
0.14286 2.50190 2.00671
0.14286 2.50190 0.00671
1.28574 2.49810 0.0000001
1.28574 0.49810 0.0000001
1.28574 0.49810 2.00000
1.28574 2.49810 2.00000
}